0
0
0
0
0
0
0
0
0
0
0
0
0
4
4
4
4
4
5
5
5
5
5
5
5
5
5
5
7
7
7
7
8
8
8
8
11
11
11
11
11
16
16
16
16
17
17
17
17
19
27
27
27
28
28
28
28
28
37
37
37
44
47
47
48
48
51
56
57
57
59
59
59
59
59
59
67
68
68
68
68
68
77
77
77
84
84
84
84
88
88
88
88
91
91
91
96
96
97
97
99
99
99
99
99
100
100
100
100
100
100
100
100
100
100
100
100
100
100
100
100
100
107
107
108
108
108
108
108
117
117
117
120
120
120
120
120
120
120
120
120
124
124
127
127
128
128
128
128
131
131
131
131
131
136
136
137
137
137
137
139
139
139
147
147
147
148
148
148
148
148
157
157
167
167
168
168
168
168
168
168
171
171
171
175
175
175
175
175
175
175
175
175
175
175
175
175
175
175
175
175
175
175
175
177
179
187
187
187
187
188
188
188
188
188
188
197
197
197
197
200
200
200
200
200
200
200
200
200
200
200
200
200
200
200
200
200
200
200
205
205
205
205
205
205
205
208
208
208
208
211
211
216
219
219
219
219
227
228
228
228
228
228
228
228
237
237
244
244
244
248
248
248
248
248
251
256
256
256
256
256
256
257
257
257
257
259
259
259
259
267
268
268
268
284
284
287
288
288
288
288
288
291
291
291
291
291
297
297
297
299
299
299
299
299
307
308
308
308
308
308
308
308
308
308
308
317
317
317
320
320
320
320
320
320
320
320
320
324
324
327
327
327
328
328
328
328
328
331
331
331
337
337
337
339
339
339
339
339
339
339
348
348
348
348
357
357
364
367
367
367
368
368
371
371
375
375
375
375
375
375
375
375
375
375
375
375
375
375
375
375
376
376
376
377
377
377
377
379
379
379
379
387
388
388
388
388
388
388
388
388
397
404
404
404
405
405
405
405
405
405
407
408
408
408
408
408
408
408
411
416
416
417
417
419
419
425
425
425
425
425
425
425
425
425
425
425
425
425
425
425
425
427
428
428
428
428
428
428
428
428
437
437
444
447
447
447
448
448
448
448
451
451
451
456
456
456
456
457
457
457
459
459
459
459
467
468
468
468
484
487
487
487
487
488
488
491
491
497
497
497
499
499
500
500
500
500
500
500
500
500
507
507
507
507
508
508
508
508
517
517
520
520
520
520
520
520
520
520
520
520
520
520
520
520
520
520
524
524
524
527
527
527
528
528
528
531
531
536
539
539
539
548
548
548
548
548
548
548
548
557
557
564
564
564
564
567
567
568
568
568
568
568
571
571
571
571
575
575
575
575
575
575
575
575
575
575
575
575
575
575
575
575
575
575
575
575
575
576
576
577
579
579
579
579
587
587
587
587
588
588
588
588
588
588
588
588
597
597
605
605
605
605
605
605
605
607
607
607
607
608
608
608
611
617
619
619
619
625
625
625
625
625
625
625
625
625
625
625
627
628
628
628
628
637
637
637
637
644
644
648
648
648
651
651
656
656
656
656
656
657
659
659
659
659
668
668
668
668
677
677
684
684
687
687
688
691
696
699
699
699
699
699
699
707
707
708
708
708
708
708
708
708
717
717
720
720
720
720
720
720
720
720
720
720
724
727
728
728
728
728
728
728
728
736
736
737
737
739
739
739
739
739
739
747
747
748
748
748
748
748
748
757
757
757
757
764
764
764
767
767
767
768
768
768
771
771
776
776
776
777
777
777
779
779
787
787
787
788
788
788
788
788
797
797
800
800
800
800
800
800
800
800
800
800
800
800
800
800
800
800
800
800
800
804
805
805
805
805
805
805
805
805
805
808
808
811
811
811
816
817
817
817
817
819
819
819
819
819
819
819
825
825
825
825
825
825
825
825
825
825
825
825
825
825
825
825
825
825
825
827
828
828
828
828
828
828
844
844
844
848
848
848
848
851
851
856
856
857
859
859
859
859
859
859
859
859
867
868
868
877
877
884
884
887
887
888
888
888
888
888
888
888
888
891
896
896
896
896
897
897
897
897
897
899
899
899
899
900
900
900
900
900
900
900
900
900
900
900
900
900
900
900
900
900
900
900
900
900
900
908
908
908
908
908
908
908
908
908
908
917
917
917
920
920
920
920
920
920
920
920
920
920
920
924
927
928
928
928
931
931
931
936
936
936
936
937
937
937
939
939
947
947
947
947
947
948
948
948
948
948
948
957
957
968
968
968
968
968
968
968
971
971
971
976
976
976
976
977
979
979
979
979
988
988
988
988
988
997
997
